system_id,utterance_id,wav_a_path,wav_b_path,pred_spk_sim
sys008,utt058,wav/vmc2026-track3-sys008-utt058.wav,wav/vmc2026-track3-sys019-utt057.wav,4.749049962828694
sys008,utt054,wav/vmc2026-track3-sys008-utt054.wav,wav/vmc2026-track3-sys019-utt053.wav,4.9138561083112595
sys004,utt132,wav/vmc2026-track3-sys004-utt132.wav,wav/vmc2026-track3-sys019-utt131.wav,3.145069629465001
sys021,utt064,wav/vmc2026-track3-sys021-utt064.wav,wav/vmc2026-track3-sys019-utt063.wav,3.624945963550473
sys004,utt008,wav/vmc2026-track3-sys004-utt008.wav,wav/vmc2026-track3-sys019-utt007.wav,3.785524714399165
sys021,utt084,wav/vmc2026-track3-sys021-utt084.wav,wav/vmc2026-track3-sys019-utt083.wav,3.937227881683744
sys004,utt068,wav/vmc2026-track3-sys004-utt068.wav,wav/vmc2026-track3-sys019-utt067.wav,3.6007272399700967
sys014,utt100,wav/vmc2026-track3-sys014-utt100.wav,wav/vmc2026-track3-sys019-utt099.wav,4.1119154388103984
sys025,utt056,wav/vmc2026-track3-sys025-utt056.wav,wav/vmc2026-track3-sys019-utt055.wav,3.766261196691672
sys017,utt096,wav/vmc2026-track3-sys017-utt096.wav,wav/vmc2026-track3-sys019-utt095.wav,3.7809372128632894
sys022,utt094,wav/vmc2026-track3-sys022-utt094.wav,wav/vmc2026-track3-sys019-utt093.wav,3.8871228642931017
sys021,utt124,wav/vmc2026-track3-sys021-utt124.wav,wav/vmc2026-track3-sys019-utt123.wav,3.865609206459599
sys004,utt164,wav/vmc2026-track3-sys004-utt164.wav,wav/vmc2026-track3-sys019-utt163.wav,3.954981718974241
sys004,utt172,wav/vmc2026-track3-sys004-utt172.wav,wav/vmc2026-track3-sys019-utt171.wav,2.7275192176037706
sys001,utt056,wav/vmc2026-track3-sys001-utt056.wav,wav/vmc2026-track3-sys019-utt055.wav,3.788398165938365
sys012,utt098,wav/vmc2026-track3-sys012-utt098.wav,wav/vmc2026-track3-sys019-utt097.wav,4.272780515019165
sys001,utt096,wav/vmc2026-track3-sys001-utt096.wav,wav/vmc2026-track3-sys019-utt095.wav,4.038390545285991
sys025,utt052,wav/vmc2026-track3-sys025-utt052.wav,wav/vmc2026-track3-sys019-utt051.wav,3.5910672820964438
sys004,utt110,wav/vmc2026-track3-sys004-utt110.wav,wav/vmc2026-track3-sys019-utt109.wav,3.945990919586819
sys015,utt240,wav/vmc2026-track3-sys015-utt240.wav,wav/vmc2026-track3-sys019-utt239.wav,3.709432314641122
sys004,utt032,wav/vmc2026-track3-sys004-utt032.wav,wav/vmc2026-track3-sys019-utt031.wav,2.913931807026069
sys004,utt140,wav/vmc2026-track3-sys004-utt140.wav,wav/vmc2026-track3-sys019-utt139.wav,2.7983073913383096
sys004,utt216,wav/vmc2026-track3-sys004-utt216.wav,wav/vmc2026-track3-sys019-utt215.wav,3.06495568667713
sys004,utt170,wav/vmc2026-track3-sys004-utt170.wav,wav/vmc2026-track3-sys019-utt169.wav,3.2984856877669104
sys011,utt100,wav/vmc2026-track3-sys011-utt100.wav,wav/vmc2026-track3-sys019-utt099.wav,4.569250805325837
sys021,utt152,wav/vmc2026-track3-sys021-utt152.wav,wav/vmc2026-track3-sys019-utt151.wav,4.3272052742350535
sys004,utt238,wav/vmc2026-track3-sys004-utt238.wav,wav/vmc2026-track3-sys019-utt237.wav,3.441342827002086
sys011,utt240,wav/vmc2026-track3-sys011-utt240.wav,wav/vmc2026-track3-sys019-utt239.wav,3.5882062745031735
sys003,utt094,wav/vmc2026-track3-sys003-utt094.wav,wav/vmc2026-track3-sys019-utt093.wav,4.046332214721604
sys021,utt090,wav/vmc2026-track3-sys021-utt090.wav,wav/vmc2026-track3-sys019-utt089.wav,3.624992202300821
sys008,utt096,wav/vmc2026-track3-sys008-utt096.wav,wav/vmc2026-track3-sys019-utt095.wav,4.85923313940258
sys023,utt058,wav/vmc2026-track3-sys023-utt058.wav,wav/vmc2026-track3-sys019-utt057.wav,4.519278453032844
sys005,utt058,wav/vmc2026-track3-sys005-utt058.wav,wav/vmc2026-track3-sys019-utt057.wav,3.7307541020029875
sys021,utt010,wav/vmc2026-track3-sys021-utt010.wav,wav/vmc2026-track3-sys019-utt009.wav,4.0136628846695634
sys005,utt056,wav/vmc2026-track3-sys005-utt056.wav,wav/vmc2026-track3-sys019-utt055.wav,3.415843739078972
sys004,utt020,wav/vmc2026-track3-sys004-utt020.wav,wav/vmc2026-track3-sys019-utt019.wav,3.560106139847307
sys014,utt094,wav/vmc2026-track3-sys014-utt094.wav,wav/vmc2026-track3-sys019-utt093.wav,4.857244160858179
sys010,utt098,wav/vmc2026-track3-sys010-utt098.wav,wav/vmc2026-track3-sys019-utt097.wav,4.444474466909515
sys004,utt214,wav/vmc2026-track3-sys004-utt214.wav,wav/vmc2026-track3-sys019-utt213.wav,2.952951956566877
sys021,utt112,wav/vmc2026-track3-sys021-utt112.wav,wav/vmc2026-track3-sys019-utt111.wav,2.9715497981248675
sys004,utt274,wav/vmc2026-track3-sys004-utt274.wav,wav/vmc2026-track3-sys019-utt273.wav,3.4670952515975335
sys002,utt098,wav/vmc2026-track3-sys002-utt098.wav,wav/vmc2026-track3-sys019-utt097.wav,3.7996983491612855
sys026,utt240,wav/vmc2026-track3-sys026-utt240.wav,wav/vmc2026-track3-sys019-utt239.wav,3.9053654207697757
sys004,utt296,wav/vmc2026-track3-sys004-utt296.wav,wav/vmc2026-track3-sys019-utt295.wav,3.150134699479232
sys005,utt052,wav/vmc2026-track3-sys005-utt052.wav,wav/vmc2026-track3-sys019-utt051.wav,3.2834051846706753
sys007,utt100,wav/vmc2026-track3-sys007-utt100.wav,wav/vmc2026-track3-sys019-utt099.wav,3.518609913854379
sys004,utt084,wav/vmc2026-track3-sys004-utt084.wav,wav/vmc2026-track3-sys019-utt083.wav,3.6154556520467165
sys021,utt094,wav/vmc2026-track3-sys021-utt094.wav,wav/vmc2026-track3-sys019-utt093.wav,4.475979765716372
sys018,utt094,wav/vmc2026-track3-sys018-utt094.wav,wav/vmc2026-track3-sys019-utt093.wav,3.3181525808439147
sys004,utt262,wav/vmc2026-track3-sys004-utt262.wav,wav/vmc2026-track3-sys019-utt261.wav,3.390283698779601
sys021,utt274,wav/vmc2026-track3-sys021-utt274.wav,wav/vmc2026-track3-sys019-utt273.wav,4.194860633882197
sys004,utt034,wav/vmc2026-track3-sys004-utt034.wav,wav/vmc2026-track3-sys019-utt033.wav,3.2738255585798686
sys004,utt146,wav/vmc2026-track3-sys004-utt146.wav,wav/vmc2026-track3-sys019-utt145.wav,3.1931950097259594
sys004,utt180,wav/vmc2026-track3-sys004-utt180.wav,wav/vmc2026-track3-sys019-utt179.wav,2.612740612523643
sys020,utt092,wav/vmc2026-track3-sys020-utt092.wav,wav/vmc2026-track3-sys019-utt091.wav,2.9294832285846786
sys004,utt300,wav/vmc2026-track3-sys004-utt300.wav,wav/vmc2026-track3-sys019-utt299.wav,3.258702323724041
sys004,utt054,wav/vmc2026-track3-sys004-utt054.wav,wav/vmc2026-track3-sys019-utt053.wav,3.481620083474027
sys009,utt098,wav/vmc2026-track3-sys009-utt098.wav,wav/vmc2026-track3-sys019-utt097.wav,4.801071512732824
sys021,utt022,wav/vmc2026-track3-sys021-utt022.wav,wav/vmc2026-track3-sys019-utt021.wav,3.758787404136851
sys023,utt052,wav/vmc2026-track3-sys023-utt052.wav,wav/vmc2026-track3-sys019-utt051.wav,3.386680686578128
sys004,utt002,wav/vmc2026-track3-sys004-utt002.wav,wav/vmc2026-track3-sys019-utt001.wav,3.348607594641953
sys013,utt092,wav/vmc2026-track3-sys013-utt092.wav,wav/vmc2026-track3-sys019-utt091.wav,4.167544055668486
sys021,utt266,wav/vmc2026-track3-sys021-utt266.wav,wav/vmc2026-track3-sys019-utt265.wav,3.736895703434244
sys022,utt092,wav/vmc2026-track3-sys022-utt092.wav,wav/vmc2026-track3-sys019-utt091.wav,3.470852397324964
sys020,utt094,wav/vmc2026-track3-sys020-utt094.wav,wav/vmc2026-track3-sys019-utt093.wav,2.9970295202174206
sys008,utt060,wav/vmc2026-track3-sys008-utt060.wav,wav/vmc2026-track3-sys019-utt059.wav,4.6714970732875
sys018,utt188,wav/vmc2026-track3-sys018-utt188.wav,wav/vmc2026-track3-sys019-utt187.wav,3.8005050967813014
sys004,utt044,wav/vmc2026-track3-sys004-utt044.wav,wav/vmc2026-track3-sys019-utt043.wav,2.7109563007614415
sys003,utt056,wav/vmc2026-track3-sys003-utt056.wav,wav/vmc2026-track3-sys019-utt055.wav,4.195034160566816
sys004,utt268,wav/vmc2026-track3-sys004-utt268.wav,wav/vmc2026-track3-sys019-utt267.wav,3.253565368504067
sys023,utt188,wav/vmc2026-track3-sys023-utt188.wav,wav/vmc2026-track3-sys019-utt187.wav,4.522979542984194
sys017,utt100,wav/vmc2026-track3-sys017-utt100.wav,wav/vmc2026-track3-sys019-utt099.wav,4.141466149205025
sys021,utt136,wav/vmc2026-track3-sys021-utt136.wav,wav/vmc2026-track3-sys019-utt135.wav,3.844130789422849
sys004,utt186,wav/vmc2026-track3-sys004-utt186.wav,wav/vmc2026-track3-sys019-utt185.wav,3.4188280882709523
sys009,utt056,wav/vmc2026-track3-sys009-utt056.wav,wav/vmc2026-track3-sys019-utt055.wav,4.9120214221217875
sys013,utt188,wav/vmc2026-track3-sys013-utt188.wav,wav/vmc2026-track3-sys019-utt187.wav,4.246583154943347
sys021,utt262,wav/vmc2026-track3-sys021-utt262.wav,wav/vmc2026-track3-sys019-utt261.wav,4.67488889027317
sys021,utt058,wav/vmc2026-track3-sys021-utt058.wav,wav/vmc2026-track3-sys019-utt057.wav,3.987924688312905
sys014,utt058,wav/vmc2026-track3-sys014-utt058.wav,wav/vmc2026-track3-sys019-utt057.wav,4.625525764995068
sys021,utt180,wav/vmc2026-track3-sys021-utt180.wav,wav/vmc2026-track3-sys019-utt179.wav,3.5195740874584622
sys022,utt060,wav/vmc2026-track3-sys022-utt060.wav,wav/vmc2026-track3-sys019-utt059.wav,4.308840144622152
sys021,utt006,wav/vmc2026-track3-sys021-utt006.wav,wav/vmc2026-track3-sys019-utt005.wav,4.281898436761913
sys004,utt062,wav/vmc2026-track3-sys004-utt062.wav,wav/vmc2026-track3-sys019-utt061.wav,3.3961181340494395
sys021,utt106,wav/vmc2026-track3-sys021-utt106.wav,wav/vmc2026-track3-sys019-utt105.wav,3.85151513335743
sys016,utt052,wav/vmc2026-track3-sys016-utt052.wav,wav/vmc2026-track3-sys019-utt051.wav,3.438344211263411
sys018,utt098,wav/vmc2026-track3-sys018-utt098.wav,wav/vmc2026-track3-sys019-utt097.wav,3.3441889352726015
sys004,utt030,wav/vmc2026-track3-sys004-utt030.wav,wav/vmc2026-track3-sys019-utt029.wav,3.0595128823498667
sys018,utt052,wav/vmc2026-track3-sys018-utt052.wav,wav/vmc2026-track3-sys019-utt051.wav,3.8688766756106348
sys022,utt100,wav/vmc2026-track3-sys022-utt100.wav,wav/vmc2026-track3-sys019-utt099.wav,3.690307878569745
sys011,utt188,wav/vmc2026-track3-sys011-utt188.wav,wav/vmc2026-track3-sys019-utt187.wav,4.284890431897731
sys021,utt138,wav/vmc2026-track3-sys021-utt138.wav,wav/vmc2026-track3-sys019-utt137.wav,3.4262467272441848
sys004,utt204,wav/vmc2026-track3-sys004-utt204.wav,wav/vmc2026-track3-sys019-utt203.wav,3.1072881585542573
sys005,utt240,wav/vmc2026-track3-sys005-utt240.wav,wav/vmc2026-track3-sys019-utt239.wav,3.048634981024178
sys010,utt188,wav/vmc2026-track3-sys010-utt188.wav,wav/vmc2026-track3-sys019-utt187.wav,3.9299319949388924
sys021,utt066,wav/vmc2026-track3-sys021-utt066.wav,wav/vmc2026-track3-sys019-utt065.wav,3.8881765858726713
sys012,utt052,wav/vmc2026-track3-sys012-utt052.wav,wav/vmc2026-track3-sys019-utt051.wav,4.032945326177904
sys016,utt054,wav/vmc2026-track3-sys016-utt054.wav,wav/vmc2026-track3-sys019-utt053.wav,4.237949567757838
sys004,utt050,wav/vmc2026-track3-sys004-utt050.wav,wav/vmc2026-track3-sys019-utt049.wav,3.6676568254362962
sys004,utt028,wav/vmc2026-track3-sys004-utt028.wav,wav/vmc2026-track3-sys019-utt027.wav,3.6695460648502407
sys021,utt166,wav/vmc2026-track3-sys021-utt166.wav,wav/vmc2026-track3-sys019-utt165.wav,3.291551128202384
sys021,utt012,wav/vmc2026-track3-sys021-utt012.wav,wav/vmc2026-track3-sys019-utt011.wav,3.4330492168315065
sys017,utt056,wav/vmc2026-track3-sys017-utt056.wav,wav/vmc2026-track3-sys019-utt055.wav,4.3831847370749415
sys004,utt006,wav/vmc2026-track3-sys004-utt006.wav,wav/vmc2026-track3-sys019-utt005.wav,3.6751092548958724
sys004,utt254,wav/vmc2026-track3-sys004-utt254.wav,wav/vmc2026-track3-sys019-utt253.wav,3.5315954349220764
sys001,utt052,wav/vmc2026-track3-sys001-utt052.wav,wav/vmc2026-track3-sys019-utt051.wav,4.472932898916449
sys001,utt094,wav/vmc2026-track3-sys001-utt094.wav,wav/vmc2026-track3-sys019-utt093.wav,4.175018829673155
sys021,utt250,wav/vmc2026-track3-sys021-utt250.wav,wav/vmc2026-track3-sys019-utt249.wav,4.287379826898153
sys008,utt100,wav/vmc2026-track3-sys008-utt100.wav,wav/vmc2026-track3-sys019-utt099.wav,4.7129497127005955
sys021,utt016,wav/vmc2026-track3-sys021-utt016.wav,wav/vmc2026-track3-sys019-utt015.wav,3.866367021751427
sys013,utt240,wav/vmc2026-track3-sys013-utt240.wav,wav/vmc2026-track3-sys019-utt239.wav,3.8474050511596016
sys021,utt186,wav/vmc2026-track3-sys021-utt186.wav,wav/vmc2026-track3-sys019-utt185.wav,4.154245270495824
sys015,utt094,wav/vmc2026-track3-sys015-utt094.wav,wav/vmc2026-track3-sys019-utt093.wav,4.259463641855178
sys021,utt306,wav/vmc2026-track3-sys021-utt306.wav,wav/vmc2026-track3-sys019-utt305.wav,3.689713825686613
sys013,utt096,wav/vmc2026-track3-sys013-utt096.wav,wav/vmc2026-track3-sys019-utt095.wav,4.7058234274906585
sys020,utt060,wav/vmc2026-track3-sys020-utt060.wav,wav/vmc2026-track3-sys019-utt059.wav,3.2066938426254863
sys004,utt046,wav/vmc2026-track3-sys004-utt046.wav,wav/vmc2026-track3-sys019-utt045.wav,3.1197137008766367
sys021,utt226,wav/vmc2026-track3-sys021-utt226.wav,wav/vmc2026-track3-sys019-utt225.wav,3.9570188979841263
sys002,utt058,wav/vmc2026-track3-sys002-utt058.wav,wav/vmc2026-track3-sys019-utt057.wav,4.517237456025538
sys026,utt058,wav/vmc2026-track3-sys026-utt058.wav,wav/vmc2026-track3-sys019-utt057.wav,3.391431844051967
sys021,utt204,wav/vmc2026-track3-sys021-utt204.wav,wav/vmc2026-track3-sys019-utt203.wav,4.022248900046294
sys024,utt188,wav/vmc2026-track3-sys024-utt188.wav,wav/vmc2026-track3-sys019-utt187.wav,4.118973109578212
sys004,utt276,wav/vmc2026-track3-sys004-utt276.wav,wav/vmc2026-track3-sys019-utt275.wav,3.073188268330326
sys021,utt036,wav/vmc2026-track3-sys021-utt036.wav,wav/vmc2026-track3-sys019-utt035.wav,3.816725113309947
sys021,utt290,wav/vmc2026-track3-sys021-utt290.wav,wav/vmc2026-track3-sys019-utt289.wav,3.5646524824762245
sys021,utt062,wav/vmc2026-track3-sys021-utt062.wav,wav/vmc2026-track3-sys019-utt061.wav,3.7422364476278247
sys011,utt096,wav/vmc2026-track3-sys011-utt096.wav,wav/vmc2026-track3-sys019-utt095.wav,4.858862426666605
sys017,utt092,wav/vmc2026-track3-sys017-utt092.wav,wav/vmc2026-track3-sys019-utt091.wav,3.6657898623699263
sys021,utt052,wav/vmc2026-track3-sys021-utt052.wav,wav/vmc2026-track3-sys019-utt051.wav,4.188711067563071
sys021,utt162,wav/vmc2026-track3-sys021-utt162.wav,wav/vmc2026-track3-sys019-utt161.wav,3.5649053996998923
sys015,utt096,wav/vmc2026-track3-sys015-utt096.wav,wav/vmc2026-track3-sys019-utt095.wav,4.25965195087591
sys010,utt060,wav/vmc2026-track3-sys010-utt060.wav,wav/vmc2026-track3-sys019-utt059.wav,3.885436775312344
sys003,utt092,wav/vmc2026-track3-sys003-utt092.wav,wav/vmc2026-track3-sys019-utt091.wav,4.038349748419582
sys004,utt116,wav/vmc2026-track3-sys004-utt116.wav,wav/vmc2026-track3-sys019-utt115.wav,3.202339780774477
sys004,utt294,wav/vmc2026-track3-sys004-utt294.wav,wav/vmc2026-track3-sys019-utt293.wav,3.299886664950456
sys004,utt076,wav/vmc2026-track3-sys004-utt076.wav,wav/vmc2026-track3-sys019-utt075.wav,3.079327803171936
sys009,utt058,wav/vmc2026-track3-sys009-utt058.wav,wav/vmc2026-track3-sys019-utt057.wav,4.544712821318544
sys013,utt056,wav/vmc2026-track3-sys013-utt056.wav,wav/vmc2026-track3-sys019-utt055.wav,4.311832869126326
sys021,utt118,wav/vmc2026-track3-sys021-utt118.wav,wav/vmc2026-track3-sys019-utt117.wav,3.967050563160295
sys004,utt210,wav/vmc2026-track3-sys004-utt210.wav,wav/vmc2026-track3-sys019-utt209.wav,3.082496999428895
sys004,utt094,wav/vmc2026-track3-sys004-utt094.wav,wav/vmc2026-track3-sys019-utt093.wav,3.4147916056918493
sys002,utt240,wav/vmc2026-track3-sys002-utt240.wav,wav/vmc2026-track3-sys019-utt239.wav,3.706181924035741
sys004,utt136,wav/vmc2026-track3-sys004-utt136.wav,wav/vmc2026-track3-sys019-utt135.wav,3.1377119650013805
sys010,utt056,wav/vmc2026-track3-sys010-utt056.wav,wav/vmc2026-track3-sys019-utt055.wav,4.4964127044118865
sys004,utt104,wav/vmc2026-track3-sys004-utt104.wav,wav/vmc2026-track3-sys019-utt103.wav,3.0537446327264477
sys021,utt296,wav/vmc2026-track3-sys021-utt296.wav,wav/vmc2026-track3-sys019-utt295.wav,4.443728576756108
sys011,utt058,wav/vmc2026-track3-sys011-utt058.wav,wav/vmc2026-track3-sys019-utt057.wav,3.9527508608994153
sys021,utt178,wav/vmc2026-track3-sys021-utt178.wav,wav/vmc2026-track3-sys019-utt177.wav,3.6006566335382266
sys004,utt272,wav/vmc2026-track3-sys004-utt272.wav,wav/vmc2026-track3-sys019-utt271.wav,3.427389211350758
sys003,utt096,wav/vmc2026-track3-sys003-utt096.wav,wav/vmc2026-track3-sys019-utt095.wav,3.9365427955962065
sys025,utt092,wav/vmc2026-track3-sys025-utt092.wav,wav/vmc2026-track3-sys019-utt091.wav,3.3082839210565815
sys024,utt098,wav/vmc2026-track3-sys024-utt098.wav,wav/vmc2026-track3-sys019-utt097.wav,4.71234648458245
sys003,utt098,wav/vmc2026-track3-sys003-utt098.wav,wav/vmc2026-track3-sys019-utt097.wav,3.674189447585748
sys001,utt060,wav/vmc2026-track3-sys001-utt060.wav,wav/vmc2026-track3-sys019-utt059.wav,3.9752866921611765
sys018,utt058,wav/vmc2026-track3-sys018-utt058.wav,wav/vmc2026-track3-sys019-utt057.wav,3.732690169545137
sys026,utt092,wav/vmc2026-track3-sys026-utt092.wav,wav/vmc2026-track3-sys019-utt091.wav,4.19486760971583
sys014,utt092,wav/vmc2026-track3-sys014-utt092.wav,wav/vmc2026-track3-sys019-utt091.wav,4.430619254353828
sys023,utt100,wav/vmc2026-track3-sys023-utt100.wav,wav/vmc2026-track3-sys019-utt099.wav,4.4809199431916955
sys002,utt052,wav/vmc2026-track3-sys002-utt052.wav,wav/vmc2026-track3-sys019-utt051.wav,4.520539503729584
sys015,utt052,wav/vmc2026-track3-sys015-utt052.wav,wav/vmc2026-track3-sys019-utt051.wav,4.362025467488355
sys012,utt060,wav/vmc2026-track3-sys012-utt060.wav,wav/vmc2026-track3-sys019-utt059.wav,4.171691518702098
sys021,utt260,wav/vmc2026-track3-sys021-utt260.wav,wav/vmc2026-track3-sys019-utt259.wav,4.076979147915955
sys021,utt028,wav/vmc2026-track3-sys021-utt028.wav,wav/vmc2026-track3-sys019-utt027.wav,4.516626851985653
sys004,utt080,wav/vmc2026-track3-sys004-utt080.wav,wav/vmc2026-track3-sys019-utt079.wav,2.763170295177808
sys021,utt220,wav/vmc2026-track3-sys021-utt220.wav,wav/vmc2026-track3-sys019-utt219.wav,3.998399010818548
sys020,utt056,wav/vmc2026-track3-sys020-utt056.wav,wav/vmc2026-track3-sys019-utt055.wav,3.2440746210349665
sys004,utt232,wav/vmc2026-track3-sys004-utt232.wav,wav/vmc2026-track3-sys019-utt231.wav,2.9982108220413197
sys015,utt054,wav/vmc2026-track3-sys015-utt054.wav,wav/vmc2026-track3-sys019-utt053.wav,4.454711993202638
sys012,utt100,wav/vmc2026-track3-sys012-utt100.wav,wav/vmc2026-track3-sys019-utt099.wav,4.144941114422554
sys005,utt296,wav/vmc2026-track3-sys005-utt296.wav,wav/vmc2026-track3-sys019-utt295.wav,3.588560380271836
sys004,utt316,wav/vmc2026-track3-sys004-utt316.wav,wav/vmc2026-track3-sys019-utt315.wav,2.9502428356000117
sys021,utt056,wav/vmc2026-track3-sys021-utt056.wav,wav/vmc2026-track3-sys019-utt055.wav,4.042755437785717
sys004,utt114,wav/vmc2026-track3-sys004-utt114.wav,wav/vmc2026-track3-sys019-utt113.wav,3.0993114923390923
sys021,utt282,wav/vmc2026-track3-sys021-utt282.wav,wav/vmc2026-track3-sys019-utt281.wav,3.747998715374961
sys009,utt096,wav/vmc2026-track3-sys009-utt096.wav,wav/vmc2026-track3-sys019-utt095.wav,4.6505775249466375
sys021,utt256,wav/vmc2026-track3-sys021-utt256.wav,wav/vmc2026-track3-sys019-utt255.wav,4.159407158852266
sys004,utt004,wav/vmc2026-track3-sys004-utt004.wav,wav/vmc2026-track3-sys019-utt003.wav,3.72068538002726
sys004,utt190,wav/vmc2026-track3-sys004-utt190.wav,wav/vmc2026-track3-sys019-utt189.wav,3.6245592099841595
sys005,utt094,wav/vmc2026-track3-sys005-utt094.wav,wav/vmc2026-track3-sys019-utt093.wav,3.79353659383763
sys004,utt208,wav/vmc2026-track3-sys004-utt208.wav,wav/vmc2026-track3-sys019-utt207.wav,2.9210483584622464
sys021,utt272,wav/vmc2026-track3-sys021-utt272.wav,wav/vmc2026-track3-sys019-utt271.wav,4.063294252571122
sys003,utt240,wav/vmc2026-track3-sys003-utt240.wav,wav/vmc2026-track3-sys019-utt239.wav,3.912996852575504
sys021,utt050,wav/vmc2026-track3-sys021-utt050.wav,wav/vmc2026-track3-sys019-utt049.wav,4.239977586677417
sys023,utt056,wav/vmc2026-track3-sys023-utt056.wav,wav/vmc2026-track3-sys019-utt055.wav,4.245676792675463
sys004,utt106,wav/vmc2026-track3-sys004-utt106.wav,wav/vmc2026-track3-sys019-utt105.wav,3.4994934776601205
sys021,utt024,wav/vmc2026-track3-sys021-utt024.wav,wav/vmc2026-track3-sys019-utt023.wav,3.7096397894619084
sys021,utt146,wav/vmc2026-track3-sys021-utt146.wav,wav/vmc2026-track3-sys019-utt145.wav,3.835463437056369
sys006,utt094,wav/vmc2026-track3-sys006-utt094.wav,wav/vmc2026-track3-sys019-utt093.wav,5.0
sys021,utt284,wav/vmc2026-track3-sys021-utt284.wav,wav/vmc2026-track3-sys019-utt283.wav,3.5187374439229235
sys021,utt048,wav/vmc2026-track3-sys021-utt048.wav,wav/vmc2026-track3-sys019-utt047.wav,3.8422914311115433
sys021,utt292,wav/vmc2026-track3-sys021-utt292.wav,wav/vmc2026-track3-sys019-utt291.wav,4.011685578268145
sys010,utt096,wav/vmc2026-track3-sys010-utt096.wav,wav/vmc2026-track3-sys019-utt095.wav,4.085112854635753
sys021,utt134,wav/vmc2026-track3-sys021-utt134.wav,wav/vmc2026-track3-sys019-utt133.wav,3.384272946704888
sys017,utt052,wav/vmc2026-track3-sys017-utt052.wav,wav/vmc2026-track3-sys019-utt051.wav,4.317685878318382
sys016,utt188,wav/vmc2026-track3-sys016-utt188.wav,wav/vmc2026-track3-sys019-utt187.wav,3.7473672953245423
sys002,utt056,wav/vmc2026-track3-sys002-utt056.wav,wav/vmc2026-track3-sys019-utt055.wav,4.352711235562417
sys004,utt130,wav/vmc2026-track3-sys004-utt130.wav,wav/vmc2026-track3-sys019-utt129.wav,3.5025204985579013
sys021,utt196,wav/vmc2026-track3-sys021-utt196.wav,wav/vmc2026-track3-sys019-utt195.wav,4.178006945042887
sys016,utt056,wav/vmc2026-track3-sys016-utt056.wav,wav/vmc2026-track3-sys019-utt055.wav,3.0679859911597878
sys023,utt060,wav/vmc2026-track3-sys023-utt060.wav,wav/vmc2026-track3-sys019-utt059.wav,4.917578297259798
sys004,utt212,wav/vmc2026-track3-sys004-utt212.wav,wav/vmc2026-track3-sys019-utt211.wav,3.1359715132689856
sys021,utt176,wav/vmc2026-track3-sys021-utt176.wav,wav/vmc2026-track3-sys019-utt175.wav,3.114670246502129
sys021,utt252,wav/vmc2026-track3-sys021-utt252.wav,wav/vmc2026-track3-sys019-utt251.wav,3.6390104804866565
sys021,utt276,wav/vmc2026-track3-sys021-utt276.wav,wav/vmc2026-track3-sys019-utt275.wav,4.151540031723536
sys004,utt096,wav/vmc2026-track3-sys004-utt096.wav,wav/vmc2026-track3-sys019-utt095.wav,3.750926196745054
sys014,utt096,wav/vmc2026-track3-sys014-utt096.wav,wav/vmc2026-track3-sys019-utt095.wav,4.601530610322252
sys007,utt056,wav/vmc2026-track3-sys007-utt056.wav,wav/vmc2026-track3-sys019-utt055.wav,4.123911573371636
sys023,utt092,wav/vmc2026-track3-sys023-utt092.wav,wav/vmc2026-track3-sys019-utt091.wav,4.485829407485753
sys021,utt142,wav/vmc2026-track3-sys021-utt142.wav,wav/vmc2026-track3-sys019-utt141.wav,3.8969036475927576
sys021,utt288,wav/vmc2026-track3-sys021-utt288.wav,wav/vmc2026-track3-sys019-utt287.wav,4.0560006936707795
sys020,utt240,wav/vmc2026-track3-sys020-utt240.wav,wav/vmc2026-track3-sys019-utt239.wav,2.1103685837054176
sys013,utt052,wav/vmc2026-track3-sys013-utt052.wav,wav/vmc2026-track3-sys019-utt051.wav,4.343311051226889
sys003,utt060,wav/vmc2026-track3-sys003-utt060.wav,wav/vmc2026-track3-sys019-utt059.wav,4.257672008294959
sys004,utt024,wav/vmc2026-track3-sys004-utt024.wav,wav/vmc2026-track3-sys019-utt023.wav,3.8160535939978533
sys004,utt144,wav/vmc2026-track3-sys004-utt144.wav,wav/vmc2026-track3-sys019-utt143.wav,2.7957461323485275
sys004,utt010,wav/vmc2026-track3-sys004-utt010.wav,wav/vmc2026-track3-sys019-utt009.wav,3.664953053822489
sys009,utt240,wav/vmc2026-track3-sys009-utt240.wav,wav/vmc2026-track3-sys019-utt239.wav,4.225518259742055
sys021,utt014,wav/vmc2026-track3-sys021-utt014.wav,wav/vmc2026-track3-sys019-utt013.wav,4.063427366310875
sys013,utt060,wav/vmc2026-track3-sys013-utt060.wav,wav/vmc2026-track3-sys019-utt059.wav,4.3519308812254405
sys025,utt096,wav/vmc2026-track3-sys025-utt096.wav,wav/vmc2026-track3-sys019-utt095.wav,3.4786624501749768
sys020,utt096,wav/vmc2026-track3-sys020-utt096.wav,wav/vmc2026-track3-sys019-utt095.wav,2.9892904296102163
sys016,utt058,wav/vmc2026-track3-sys016-utt058.wav,wav/vmc2026-track3-sys019-utt057.wav,3.7629829684394083
sys021,utt182,wav/vmc2026-track3-sys021-utt182.wav,wav/vmc2026-track3-sys019-utt181.wav,3.3862340540805542
sys011,utt052,wav/vmc2026-track3-sys011-utt052.wav,wav/vmc2026-track3-sys019-utt051.wav,4.644521398153759
sys021,utt208,wav/vmc2026-track3-sys021-utt208.wav,wav/vmc2026-track3-sys019-utt207.wav,3.4388206229677785
sys004,utt280,wav/vmc2026-track3-sys004-utt280.wav,wav/vmc2026-track3-sys019-utt279.wav,3.2179841941217413
sys009,utt094,wav/vmc2026-track3-sys009-utt094.wav,wav/vmc2026-track3-sys019-utt093.wav,5.0
sys004,utt250,wav/vmc2026-track3-sys004-utt250.wav,wav/vmc2026-track3-sys019-utt249.wav,3.3624118074242846
sys021,utt026,wav/vmc2026-track3-sys021-utt026.wav,wav/vmc2026-track3-sys019-utt025.wav,3.6370135447800753
sys022,utt096,wav/vmc2026-track3-sys022-utt096.wav,wav/vmc2026-track3-sys019-utt095.wav,4.607764718600402
sys010,utt092,wav/vmc2026-track3-sys010-utt092.wav,wav/vmc2026-track3-sys019-utt091.wav,4.090817476091719
sys003,utt054,wav/vmc2026-track3-sys003-utt054.wav,wav/vmc2026-track3-sys019-utt053.wav,4.67258011848064
sys012,utt092,wav/vmc2026-track3-sys012-utt092.wav,wav/vmc2026-track3-sys019-utt091.wav,3.9238328910475446
sys007,utt058,wav/vmc2026-track3-sys007-utt058.wav,wav/vmc2026-track3-sys019-utt057.wav,3.8202623297350176
sys011,utt134,wav/vmc2026-track3-sys011-utt134.wav,wav/vmc2026-track3-sys019-utt133.wav,4.393612311695001
sys007,utt188,wav/vmc2026-track3-sys007-utt188.wav,wav/vmc2026-track3-sys019-utt187.wav,4.10746585599176
sys006,utt054,wav/vmc2026-track3-sys006-utt054.wav,wav/vmc2026-track3-sys019-utt053.wav,4.628730794735248
sys022,utt058,wav/vmc2026-track3-sys022-utt058.wav,wav/vmc2026-track3-sys019-utt057.wav,4.428036883080383
sys016,utt100,wav/vmc2026-track3-sys016-utt100.wav,wav/vmc2026-track3-sys019-utt099.wav,3.77401772581919
sys017,utt240,wav/vmc2026-track3-sys017-utt240.wav,wav/vmc2026-track3-sys019-utt239.wav,3.580694233627043
sys004,utt236,wav/vmc2026-track3-sys004-utt236.wav,wav/vmc2026-track3-sys019-utt235.wav,3.108469954876969
sys015,utt058,wav/vmc2026-track3-sys015-utt058.wav,wav/vmc2026-track3-sys019-utt057.wav,3.7923960089489555
sys021,utt034,wav/vmc2026-track3-sys021-utt034.wav,wav/vmc2026-track3-sys019-utt033.wav,3.9276991097839296
sys016,utt096,wav/vmc2026-track3-sys016-utt096.wav,wav/vmc2026-track3-sys019-utt095.wav,3.3951216451376336
sys010,utt054,wav/vmc2026-track3-sys010-utt054.wav,wav/vmc2026-track3-sys019-utt053.wav,4.364656304456571
sys020,utt058,wav/vmc2026-track3-sys020-utt058.wav,wav/vmc2026-track3-sys019-utt057.wav,3.480262327053289
sys004,utt168,wav/vmc2026-track3-sys004-utt168.wav,wav/vmc2026-track3-sys019-utt167.wav,3.27078776509538
sys021,utt070,wav/vmc2026-track3-sys021-utt070.wav,wav/vmc2026-track3-sys019-utt069.wav,3.8439447703914182
sys010,utt240,wav/vmc2026-track3-sys010-utt240.wav,wav/vmc2026-track3-sys019-utt239.wav,2.954940627220826
sys015,utt092,wav/vmc2026-track3-sys015-utt092.wav,wav/vmc2026-track3-sys019-utt091.wav,4.223147016243298
sys008,utt240,wav/vmc2026-track3-sys008-utt240.wav,wav/vmc2026-track3-sys019-utt239.wav,4.240332662505618
sys020,utt188,wav/vmc2026-track3-sys020-utt188.wav,wav/vmc2026-track3-sys019-utt187.wav,3.2069289207808884
sys004,utt108,wav/vmc2026-track3-sys004-utt108.wav,wav/vmc2026-track3-sys019-utt107.wav,3.2621335822310176
sys010,utt094,wav/vmc2026-track3-sys010-utt094.wav,wav/vmc2026-track3-sys019-utt093.wav,4.381268348465448
sys002,utt054,wav/vmc2026-track3-sys002-utt054.wav,wav/vmc2026-track3-sys019-utt053.wav,4.823507603517261
sys007,utt094,wav/vmc2026-track3-sys007-utt094.wav,wav/vmc2026-track3-sys019-utt093.wav,4.160699971389445
sys004,utt174,wav/vmc2026-track3-sys004-utt174.wav,wav/vmc2026-track3-sys019-utt173.wav,2.9590531244897305
sys022,utt086,wav/vmc2026-track3-sys022-utt086.wav,wav/vmc2026-track3-sys019-utt085.wav,3.8837719445897343
sys021,utt228,wav/vmc2026-track3-sys021-utt228.wav,wav/vmc2026-track3-sys019-utt227.wav,3.863454657369622
sys004,utt282,wav/vmc2026-track3-sys004-utt282.wav,wav/vmc2026-track3-sys019-utt281.wav,3.281411572748798
sys023,utt240,wav/vmc2026-track3-sys023-utt240.wav,wav/vmc2026-track3-sys019-utt239.wav,3.542371576628315
sys004,utt086,wav/vmc2026-track3-sys004-utt086.wav,wav/vmc2026-track3-sys019-utt085.wav,3.7668470028445125
sys016,utt092,wav/vmc2026-track3-sys016-utt092.wav,wav/vmc2026-track3-sys019-utt091.wav,3.8269420707593897
sys011,utt098,wav/vmc2026-track3-sys011-utt098.wav,wav/vmc2026-track3-sys019-utt097.wav,4.721442456003171
sys004,utt162,wav/vmc2026-track3-sys004-utt162.wav,wav/vmc2026-track3-sys019-utt161.wav,3.7173200799203725
sys004,utt092,wav/vmc2026-track3-sys004-utt092.wav,wav/vmc2026-track3-sys019-utt091.wav,3.3433494738600524
sys021,utt308,wav/vmc2026-track3-sys021-utt308.wav,wav/vmc2026-track3-sys019-utt307.wav,3.5973126623327403
sys021,utt044,wav/vmc2026-track3-sys021-utt044.wav,wav/vmc2026-track3-sys019-utt043.wav,3.6175127015934123
sys006,utt188,wav/vmc2026-track3-sys006-utt188.wav,wav/vmc2026-track3-sys019-utt187.wav,4.560394316203422
sys004,utt286,wav/vmc2026-track3-sys004-utt286.wav,wav/vmc2026-track3-sys019-utt285.wav,3.098293743885592
sys021,utt222,wav/vmc2026-track3-sys021-utt222.wav,wav/vmc2026-track3-sys019-utt221.wav,3.8272625927872905
sys007,utt240,wav/vmc2026-track3-sys007-utt240.wav,wav/vmc2026-track3-sys019-utt239.wav,3.093854271297993
sys001,utt092,wav/vmc2026-track3-sys001-utt092.wav,wav/vmc2026-track3-sys019-utt091.wav,3.9455251532950446
sys016,utt094,wav/vmc2026-track3-sys016-utt094.wav,wav/vmc2026-track3-sys019-utt093.wav,3.8670405789430924
sys007,utt052,wav/vmc2026-track3-sys007-utt052.wav,wav/vmc2026-track3-sys019-utt051.wav,3.7393899914502806
sys004,utt234,wav/vmc2026-track3-sys004-utt234.wav,wav/vmc2026-track3-sys019-utt233.wav,3.5536434808379944
sys021,utt098,wav/vmc2026-track3-sys021-utt098.wav,wav/vmc2026-track3-sys019-utt097.wav,4.11777881074503
sys025,utt060,wav/vmc2026-track3-sys025-utt060.wav,wav/vmc2026-track3-sys019-utt059.wav,3.8269189228435945
sys021,utt040,wav/vmc2026-track3-sys021-utt040.wav,wav/vmc2026-track3-sys019-utt039.wav,4.359291956646787
sys021,utt148,wav/vmc2026-track3-sys021-utt148.wav,wav/vmc2026-track3-sys019-utt147.wav,3.652991999460573
sys021,utt270,wav/vmc2026-track3-sys021-utt270.wav,wav/vmc2026-track3-sys019-utt269.wav,3.686345485882547
sys021,utt096,wav/vmc2026-track3-sys021-utt096.wav,wav/vmc2026-track3-sys019-utt095.wav,3.9771165146880274
sys024,utt100,wav/vmc2026-track3-sys024-utt100.wav,wav/vmc2026-track3-sys019-utt099.wav,4.309888175838062
sys013,utt100,wav/vmc2026-track3-sys013-utt100.wav,wav/vmc2026-track3-sys019-utt099.wav,4.460591426358723
sys012,utt054,wav/vmc2026-track3-sys012-utt054.wav,wav/vmc2026-track3-sys019-utt053.wav,4.195131006822271
sys022,utt098,wav/vmc2026-track3-sys022-utt098.wav,wav/vmc2026-track3-sys019-utt097.wav,4.096844064046185
sys010,utt058,wav/vmc2026-track3-sys010-utt058.wav,wav/vmc2026-track3-sys019-utt057.wav,4.017035804092944
sys005,utt188,wav/vmc2026-track3-sys005-utt188.wav,wav/vmc2026-track3-sys019-utt187.wav,3.1153630848123166
sys004,utt038,wav/vmc2026-track3-sys004-utt038.wav,wav/vmc2026-track3-sys019-utt037.wav,3.1331776170454133
sys004,utt156,wav/vmc2026-track3-sys004-utt156.wav,wav/vmc2026-track3-sys019-utt155.wav,3.7743574133105993
sys010,utt052,wav/vmc2026-track3-sys010-utt052.wav,wav/vmc2026-track3-sys019-utt051.wav,4.3781917077817525
sys004,utt138,wav/vmc2026-track3-sys004-utt138.wav,wav/vmc2026-track3-sys019-utt137.wav,2.718565628860297
sys004,utt036,wav/vmc2026-track3-sys004-utt036.wav,wav/vmc2026-track3-sys019-utt035.wav,3.200154566754189
sys021,utt038,wav/vmc2026-track3-sys021-utt038.wav,wav/vmc2026-track3-sys019-utt037.wav,4.009141819484616
sys004,utt056,wav/vmc2026-track3-sys004-utt056.wav,wav/vmc2026-track3-sys019-utt055.wav,3.4500487912566413
sys021,utt318,wav/vmc2026-track3-sys021-utt318.wav,wav/vmc2026-track3-sys019-utt317.wav,4.319056926393535
sys006,utt058,wav/vmc2026-track3-sys006-utt058.wav,wav/vmc2026-track3-sys019-utt057.wav,5.0
sys006,utt096,wav/vmc2026-track3-sys006-utt096.wav,wav/vmc2026-track3-sys019-utt095.wav,4.946088166780952
sys021,utt160,wav/vmc2026-track3-sys021-utt160.wav,wav/vmc2026-track3-sys019-utt159.wav,4.34659332362214
sys004,utt182,wav/vmc2026-track3-sys004-utt182.wav,wav/vmc2026-track3-sys019-utt181.wav,3.2310965527390616
sys014,utt188,wav/vmc2026-track3-sys014-utt188.wav,wav/vmc2026-track3-sys019-utt187.wav,4.77611793602692
sys026,utt100,wav/vmc2026-track3-sys026-utt100.wav,wav/vmc2026-track3-sys019-utt099.wav,4.395332803180013
sys012,utt056,wav/vmc2026-track3-sys012-utt056.wav,wav/vmc2026-track3-sys019-utt055.wav,3.7239046704113523
sys011,utt094,wav/vmc2026-track3-sys011-utt094.wav,wav/vmc2026-track3-sys019-utt093.wav,4.804760607246053
sys013,utt058,wav/vmc2026-track3-sys013-utt058.wav,wav/vmc2026-track3-sys019-utt057.wav,4.680441796546928
sys021,utt042,wav/vmc2026-track3-sys021-utt042.wav,wav/vmc2026-track3-sys019-utt041.wav,4.020133538185594
sys020,utt054,wav/vmc2026-track3-sys020-utt054.wav,wav/vmc2026-track3-sys019-utt053.wav,3.462978802425396
sys021,utt114,wav/vmc2026-track3-sys021-utt114.wav,wav/vmc2026-track3-sys019-utt113.wav,3.571166977027831
sys015,utt098,wav/vmc2026-track3-sys015-utt098.wav,wav/vmc2026-track3-sys019-utt097.wav,4.224320584015869
sys021,utt054,wav/vmc2026-track3-sys021-utt054.wav,wav/vmc2026-track3-sys019-utt053.wav,4.209788269032393
sys021,utt072,wav/vmc2026-track3-sys021-utt072.wav,wav/vmc2026-track3-sys019-utt071.wav,4.168434380337441
sys003,utt052,wav/vmc2026-track3-sys003-utt052.wav,wav/vmc2026-track3-sys019-utt051.wav,4.463604563058908
sys021,utt174,wav/vmc2026-track3-sys021-utt174.wav,wav/vmc2026-track3-sys019-utt173.wav,3.7411760052401006
sys021,utt320,wav/vmc2026-track3-sys021-utt320.wav,wav/vmc2026-track3-sys019-utt319.wav,3.5648518237744904
sys026,utt060,wav/vmc2026-track3-sys026-utt060.wav,wav/vmc2026-track3-sys019-utt059.wav,4.125186167385415
sys004,utt196,wav/vmc2026-track3-sys004-utt196.wav,wav/vmc2026-track3-sys019-utt195.wav,3.3453982200723407
sys024,utt092,wav/vmc2026-track3-sys024-utt092.wav,wav/vmc2026-track3-sys019-utt091.wav,4.3341263574461735
sys004,utt202,wav/vmc2026-track3-sys004-utt202.wav,wav/vmc2026-track3-sys019-utt201.wav,3.373583066381019
sys004,utt320,wav/vmc2026-track3-sys004-utt320.wav,wav/vmc2026-track3-sys019-utt319.wav,2.710949453526352
sys003,utt058,wav/vmc2026-track3-sys003-utt058.wav,wav/vmc2026-track3-sys019-utt057.wav,4.4432377677210555
sys004,utt226,wav/vmc2026-track3-sys004-utt226.wav,wav/vmc2026-track3-sys019-utt225.wav,3.1229909957285393
sys007,utt096,wav/vmc2026-track3-sys007-utt096.wav,wav/vmc2026-track3-sys019-utt095.wav,3.460232715600045
sys021,utt310,wav/vmc2026-track3-sys021-utt310.wav,wav/vmc2026-track3-sys019-utt309.wav,3.8128262905576085
sys015,utt056,wav/vmc2026-track3-sys015-utt056.wav,wav/vmc2026-track3-sys019-utt055.wav,3.7923439043089426
sys021,utt294,wav/vmc2026-track3-sys021-utt294.wav,wav/vmc2026-track3-sys019-utt293.wav,4.025644578386366
sys004,utt292,wav/vmc2026-track3-sys004-utt292.wav,wav/vmc2026-track3-sys019-utt291.wav,3.3354997745296737
sys017,utt098,wav/vmc2026-track3-sys017-utt098.wav,wav/vmc2026-track3-sys019-utt097.wav,3.797392560457168
sys005,utt060,wav/vmc2026-track3-sys005-utt060.wav,wav/vmc2026-track3-sys019-utt059.wav,3.4702218969324172
sys021,utt046,wav/vmc2026-track3-sys021-utt046.wav,wav/vmc2026-track3-sys019-utt045.wav,3.932775238277187
sys004,utt148,wav/vmc2026-track3-sys004-utt148.wav,wav/vmc2026-track3-sys019-utt147.wav,3.4347112579103762
sys024,utt054,wav/vmc2026-track3-sys024-utt054.wav,wav/vmc2026-track3-sys019-utt053.wav,4.353254868155727
sys023,utt098,wav/vmc2026-track3-sys023-utt098.wav,wav/vmc2026-track3-sys019-utt097.wav,4.57684095585649
sys016,utt060,wav/vmc2026-track3-sys016-utt060.wav,wav/vmc2026-track3-sys019-utt059.wav,3.5492655828696362
sys004,utt304,wav/vmc2026-track3-sys004-utt304.wav,wav/vmc2026-track3-sys019-utt303.wav,3.216628517079253
sys004,utt288,wav/vmc2026-track3-sys004-utt288.wav,wav/vmc2026-track3-sys019-utt287.wav,3.2590408984429002
sys002,utt096,wav/vmc2026-track3-sys002-utt096.wav,wav/vmc2026-track3-sys019-utt095.wav,3.9431925426429135
sys010,utt100,wav/vmc2026-track3-sys010-utt100.wav,wav/vmc2026-track3-sys019-utt099.wav,4.610587730898795
sys004,utt026,wav/vmc2026-track3-sys004-utt026.wav,wav/vmc2026-track3-sys019-utt025.wav,3.292058293217254
sys004,utt302,wav/vmc2026-track3-sys004-utt302.wav,wav/vmc2026-track3-sys019-utt301.wav,3.165667709857687
sys004,utt248,wav/vmc2026-track3-sys004-utt248.wav,wav/vmc2026-track3-sys019-utt247.wav,3.9357728542426202
sys004,utt290,wav/vmc2026-track3-sys004-utt290.wav,wav/vmc2026-track3-sys019-utt289.wav,3.1557770240978704
sys021,utt242,wav/vmc2026-track3-sys021-utt242.wav,wav/vmc2026-track3-sys019-utt241.wav,3.8371443888251613
sys004,utt278,wav/vmc2026-track3-sys004-utt278.wav,wav/vmc2026-track3-sys019-utt277.wav,3.0660097857203947
sys009,utt054,wav/vmc2026-track3-sys009-utt054.wav,wav/vmc2026-track3-sys019-utt053.wav,4.979030352151859
sys024,utt094,wav/vmc2026-track3-sys024-utt094.wav,wav/vmc2026-track3-sys019-utt093.wav,4.481524324844821
sys012,utt240,wav/vmc2026-track3-sys012-utt240.wav,wav/vmc2026-track3-sys019-utt239.wav,3.7527768091864773
sys021,utt198,wav/vmc2026-track3-sys021-utt198.wav,wav/vmc2026-track3-sys019-utt197.wav,4.4515185964819235
sys002,utt060,wav/vmc2026-track3-sys002-utt060.wav,wav/vmc2026-track3-sys019-utt059.wav,4.148559702747991
sys021,utt188,wav/vmc2026-track3-sys021-utt188.wav,wav/vmc2026-track3-sys019-utt187.wav,4.001443119340246
sys018,utt054,wav/vmc2026-track3-sys018-utt054.wav,wav/vmc2026-track3-sys019-utt053.wav,2.7772640186190194
sys026,utt098,wav/vmc2026-track3-sys026-utt098.wav,wav/vmc2026-track3-sys019-utt097.wav,4.242749240214549
sys021,utt088,wav/vmc2026-track3-sys021-utt088.wav,wav/vmc2026-track3-sys019-utt087.wav,3.476685564516996
sys021,utt224,wav/vmc2026-track3-sys021-utt224.wav,wav/vmc2026-track3-sys019-utt223.wav,4.353822591522615
sys023,utt096,wav/vmc2026-track3-sys023-utt096.wav,wav/vmc2026-track3-sys019-utt095.wav,4.643035489413573
sys004,utt224,wav/vmc2026-track3-sys004-utt224.wav,wav/vmc2026-track3-sys019-utt223.wav,2.853106345832745
sys021,utt236,wav/vmc2026-track3-sys021-utt236.wav,wav/vmc2026-track3-sys019-utt235.wav,4.220581175169826
sys011,utt054,wav/vmc2026-track3-sys011-utt054.wav,wav/vmc2026-track3-sys019-utt053.wav,4.606517529041964
sys004,utt312,wav/vmc2026-track3-sys004-utt312.wav,wav/vmc2026-track3-sys019-utt311.wav,3.5130104066755368
sys025,utt058,wav/vmc2026-track3-sys025-utt058.wav,wav/vmc2026-track3-sys019-utt057.wav,3.8267314528989953
sys006,utt098,wav/vmc2026-track3-sys006-utt098.wav,wav/vmc2026-track3-sys019-utt097.wav,4.690091535079169
sys004,utt260,wav/vmc2026-track3-sys004-utt260.wav,wav/vmc2026-track3-sys019-utt259.wav,3.3347031507541383
sys002,utt100,wav/vmc2026-track3-sys002-utt100.wav,wav/vmc2026-track3-sys019-utt099.wav,4.166705075381499
sys004,utt052,wav/vmc2026-track3-sys004-utt052.wav,wav/vmc2026-track3-sys019-utt051.wav,3.5271810907848113
sys025,utt240,wav/vmc2026-track3-sys025-utt240.wav,wav/vmc2026-track3-sys019-utt239.wav,3.2616910050034615
sys012,utt094,wav/vmc2026-track3-sys012-utt094.wav,wav/vmc2026-track3-sys019-utt093.wav,4.048227786159409
sys021,utt168,wav/vmc2026-track3-sys021-utt168.wav,wav/vmc2026-track3-sys019-utt167.wav,3.8849556495768676
sys008,utt188,wav/vmc2026-track3-sys008-utt188.wav,wav/vmc2026-track3-sys019-utt187.wav,4.7778986876816125
sys004,utt194,wav/vmc2026-track3-sys004-utt194.wav,wav/vmc2026-track3-sys019-utt193.wav,2.770651362913459
sys021,utt286,wav/vmc2026-track3-sys021-utt286.wav,wav/vmc2026-track3-sys019-utt285.wav,4.1569656021118195
sys024,utt052,wav/vmc2026-track3-sys024-utt052.wav,wav/vmc2026-track3-sys019-utt051.wav,4.393418015680414
sys002,utt094,wav/vmc2026-track3-sys002-utt094.wav,wav/vmc2026-track3-sys019-utt093.wav,4.1905086622545165
sys004,utt048,wav/vmc2026-track3-sys004-utt048.wav,wav/vmc2026-track3-sys019-utt047.wav,3.3110519903728126
sys021,utt102,wav/vmc2026-track3-sys021-utt102.wav,wav/vmc2026-track3-sys019-utt101.wav,3.5691012546686545
sys021,utt202,wav/vmc2026-track3-sys021-utt202.wav,wav/vmc2026-track3-sys019-utt201.wav,3.5814205995206128
sys018,utt240,wav/vmc2026-track3-sys018-utt240.wav,wav/vmc2026-track3-sys019-utt239.wav,3.266351516408718
sys026,utt052,wav/vmc2026-track3-sys026-utt052.wav,wav/vmc2026-track3-sys019-utt051.wav,3.710066917509062
sys017,utt058,wav/vmc2026-track3-sys017-utt058.wav,wav/vmc2026-track3-sys019-utt057.wav,4.268417079310237
sys021,utt020,wav/vmc2026-track3-sys021-utt020.wav,wav/vmc2026-track3-sys019-utt019.wav,3.7653675538657105
sys004,utt314,wav/vmc2026-track3-sys004-utt314.wav,wav/vmc2026-track3-sys019-utt313.wav,2.9745739427334583
sys023,utt054,wav/vmc2026-track3-sys023-utt054.wav,wav/vmc2026-track3-sys019-utt053.wav,5.0
sys009,utt188,wav/vmc2026-track3-sys009-utt188.wav,wav/vmc2026-track3-sys019-utt187.wav,4.432200080296139
sys021,utt312,wav/vmc2026-track3-sys021-utt312.wav,wav/vmc2026-track3-sys019-utt311.wav,3.928648742126765
sys004,utt166,wav/vmc2026-track3-sys004-utt166.wav,wav/vmc2026-track3-sys019-utt165.wav,3.816462548992521
sys021,utt110,wav/vmc2026-track3-sys021-utt110.wav,wav/vmc2026-track3-sys019-utt109.wav,3.9399256593968057
sys004,utt206,wav/vmc2026-track3-sys004-utt206.wav,wav/vmc2026-track3-sys019-utt205.wav,3.0744106027204503
sys004,utt198,wav/vmc2026-track3-sys004-utt198.wav,wav/vmc2026-track3-sys019-utt197.wav,2.7725694672250754
sys004,utt066,wav/vmc2026-track3-sys004-utt066.wav,wav/vmc2026-track3-sys019-utt065.wav,3.4495902027522583
sys021,utt212,wav/vmc2026-track3-sys021-utt212.wav,wav/vmc2026-track3-sys019-utt211.wav,4.080932731996529
sys021,utt216,wav/vmc2026-track3-sys021-utt216.wav,wav/vmc2026-track3-sys019-utt215.wav,4.380096028562291
sys021,utt116,wav/vmc2026-track3-sys021-utt116.wav,wav/vmc2026-track3-sys019-utt115.wav,3.437384702647525
sys021,utt144,wav/vmc2026-track3-sys021-utt144.wav,wav/vmc2026-track3-sys019-utt143.wav,3.1459839857303313
sys004,utt088,wav/vmc2026-track3-sys004-utt088.wav,wav/vmc2026-track3-sys019-utt087.wav,3.579818793624022
sys021,utt086,wav/vmc2026-track3-sys021-utt086.wav,wav/vmc2026-track3-sys019-utt085.wav,3.5275382793899555
sys021,utt060,wav/vmc2026-track3-sys021-utt060.wav,wav/vmc2026-track3-sys019-utt059.wav,3.950436199635175
sys006,utt100,wav/vmc2026-track3-sys006-utt100.wav,wav/vmc2026-track3-sys019-utt099.wav,4.4226498436605945
sys001,utt188,wav/vmc2026-track3-sys001-utt188.wav,wav/vmc2026-track3-sys019-utt187.wav,4.3833262390822805
sys009,utt100,wav/vmc2026-track3-sys009-utt100.wav,wav/vmc2026-track3-sys019-utt099.wav,4.946741025793299
sys014,utt054,wav/vmc2026-track3-sys014-utt054.wav,wav/vmc2026-track3-sys019-utt053.wav,4.813355792189772
sys021,utt200,wav/vmc2026-track3-sys021-utt200.wav,wav/vmc2026-track3-sys019-utt199.wav,4.346120420718855
sys004,utt242,wav/vmc2026-track3-sys004-utt242.wav,wav/vmc2026-track3-sys019-utt241.wav,3.6104373784926165
sys015,utt100,wav/vmc2026-track3-sys015-utt100.wav,wav/vmc2026-track3-sys019-utt099.wav,3.5163828143339035
sys004,utt118,wav/vmc2026-track3-sys004-utt118.wav,wav/vmc2026-track3-sys019-utt117.wav,3.2443095836542395
sys004,utt158,wav/vmc2026-track3-sys004-utt158.wav,wav/vmc2026-track3-sys019-utt157.wav,3.7907197239332096
sys021,utt190,wav/vmc2026-track3-sys021-utt190.wav,wav/vmc2026-track3-sys019-utt189.wav,3.9748303421823383
sys026,utt054,wav/vmc2026-track3-sys026-utt054.wav,wav/vmc2026-track3-sys019-utt053.wav,4.035457260548067
sys004,utt060,wav/vmc2026-track3-sys004-utt060.wav,wav/vmc2026-track3-sys019-utt059.wav,3.5741723938911325
sys004,utt228,wav/vmc2026-track3-sys004-utt228.wav,wav/vmc2026-track3-sys019-utt227.wav,2.983867027773768
sys025,utt188,wav/vmc2026-track3-sys025-utt188.wav,wav/vmc2026-track3-sys019-utt187.wav,3.8146578011367946
sys021,utt130,wav/vmc2026-track3-sys021-utt130.wav,wav/vmc2026-track3-sys019-utt129.wav,3.6373369364274724
sys017,utt054,wav/vmc2026-track3-sys017-utt054.wav,wav/vmc2026-track3-sys019-utt053.wav,4.445107711760317
sys004,utt298,wav/vmc2026-track3-sys004-utt298.wav,wav/vmc2026-track3-sys019-utt297.wav,3.1366327577909034
sys004,utt074,wav/vmc2026-track3-sys004-utt074.wav,wav/vmc2026-track3-sys019-utt073.wav,3.036983315008808
sys026,utt094,wav/vmc2026-track3-sys026-utt094.wav,wav/vmc2026-track3-sys019-utt093.wav,4.277432140929096
sys006,utt240,wav/vmc2026-track3-sys006-utt240.wav,wav/vmc2026-track3-sys019-utt239.wav,3.919113435593892
sys004,utt150,wav/vmc2026-track3-sys004-utt150.wav,wav/vmc2026-track3-sys019-utt149.wav,3.3117899212709676
sys004,utt192,wav/vmc2026-track3-sys004-utt192.wav,wav/vmc2026-track3-sys019-utt191.wav,2.9821965809556974
sys003,utt100,wav/vmc2026-track3-sys003-utt100.wav,wav/vmc2026-track3-sys019-utt099.wav,3.84261912014129
sys021,utt154,wav/vmc2026-track3-sys021-utt154.wav,wav/vmc2026-track3-sys019-utt153.wav,4.169559551580485
sys004,utt040,wav/vmc2026-track3-sys004-utt040.wav,wav/vmc2026-track3-sys019-utt039.wav,3.4692437795438043
sys018,utt096,wav/vmc2026-track3-sys018-utt096.wav,wav/vmc2026-track3-sys019-utt095.wav,3.3478835352140726
sys007,utt222,wav/vmc2026-track3-sys007-utt222.wav,wav/vmc2026-track3-sys019-utt221.wav,3.1936741194682354
sys004,utt176,wav/vmc2026-track3-sys004-utt176.wav,wav/vmc2026-track3-sys019-utt175.wav,2.9012080008395262
sys021,utt004,wav/vmc2026-track3-sys021-utt004.wav,wav/vmc2026-track3-sys019-utt003.wav,3.9048129608325004
sys004,utt246,wav/vmc2026-track3-sys004-utt246.wav,wav/vmc2026-track3-sys019-utt245.wav,3.2105037652720783
sys021,utt280,wav/vmc2026-track3-sys021-utt280.wav,wav/vmc2026-track3-sys019-utt279.wav,4.213604282346891
sys015,utt060,wav/vmc2026-track3-sys015-utt060.wav,wav/vmc2026-track3-sys019-utt059.wav,3.341933513025361
sys021,utt080,wav/vmc2026-track3-sys021-utt080.wav,wav/vmc2026-track3-sys019-utt079.wav,4.027507040191016
sys016,utt240,wav/vmc2026-track3-sys016-utt240.wav,wav/vmc2026-track3-sys019-utt239.wav,3.098288301336305
sys015,utt188,wav/vmc2026-track3-sys015-utt188.wav,wav/vmc2026-track3-sys019-utt187.wav,4.167961944200009
sys009,utt052,wav/vmc2026-track3-sys009-utt052.wav,wav/vmc2026-track3-sys019-utt051.wav,4.871815761696846
sys004,utt014,wav/vmc2026-track3-sys004-utt014.wav,wav/vmc2026-track3-sys019-utt013.wav,3.699319534750269
sys004,utt064,wav/vmc2026-track3-sys004-utt064.wav,wav/vmc2026-track3-sys019-utt063.wav,3.254383097253746
sys004,utt308,wav/vmc2026-track3-sys004-utt308.wav,wav/vmc2026-track3-sys019-utt307.wav,3.325169972132166
sys021,utt246,wav/vmc2026-track3-sys021-utt246.wav,wav/vmc2026-track3-sys019-utt245.wav,4.093469945120607
sys021,utt008,wav/vmc2026-track3-sys021-utt008.wav,wav/vmc2026-track3-sys019-utt007.wav,4.264479701583722
sys021,utt238,wav/vmc2026-track3-sys021-utt238.wav,wav/vmc2026-track3-sys019-utt237.wav,3.8036361037459425
sys021,utt100,wav/vmc2026-track3-sys021-utt100.wav,wav/vmc2026-track3-sys019-utt099.wav,3.9506270985232046
sys005,utt098,wav/vmc2026-track3-sys005-utt098.wav,wav/vmc2026-track3-sys019-utt097.wav,3.2663941221284585
sys026,utt056,wav/vmc2026-track3-sys026-utt056.wav,wav/vmc2026-track3-sys019-utt055.wav,3.82981382465448
sys004,utt230,wav/vmc2026-track3-sys004-utt230.wav,wav/vmc2026-track3-sys019-utt229.wav,2.878923676587303
sys004,utt188,wav/vmc2026-track3-sys004-utt188.wav,wav/vmc2026-track3-sys019-utt187.wav,3.451788652035187
sys021,utt240,wav/vmc2026-track3-sys021-utt240.wav,wav/vmc2026-track3-sys019-utt239.wav,3.9600032537283654
sys004,utt124,wav/vmc2026-track3-sys004-utt124.wav,wav/vmc2026-track3-sys019-utt123.wav,3.435897902590424
sys021,utt298,wav/vmc2026-track3-sys021-utt298.wav,wav/vmc2026-track3-sys019-utt297.wav,3.909800019509926
sys004,utt178,wav/vmc2026-track3-sys004-utt178.wav,wav/vmc2026-track3-sys019-utt177.wav,3.462228968437255
sys021,utt032,wav/vmc2026-track3-sys021-utt032.wav,wav/vmc2026-track3-sys019-utt031.wav,3.9703158197373978
sys004,utt318,wav/vmc2026-track3-sys004-utt318.wav,wav/vmc2026-track3-sys019-utt317.wav,3.2877210992406507
sys021,utt184,wav/vmc2026-track3-sys021-utt184.wav,wav/vmc2026-track3-sys019-utt183.wav,3.6470225441783484
sys021,utt164,wav/vmc2026-track3-sys021-utt164.wav,wav/vmc2026-track3-sys019-utt163.wav,3.6757721289563934
sys021,utt244,wav/vmc2026-track3-sys021-utt244.wav,wav/vmc2026-track3-sys019-utt243.wav,3.5697652162408846
sys024,utt058,wav/vmc2026-track3-sys024-utt058.wav,wav/vmc2026-track3-sys019-utt057.wav,4.488263492076343
sys004,utt222,wav/vmc2026-track3-sys004-utt222.wav,wav/vmc2026-track3-sys019-utt221.wav,3.3153386425583236
sys021,utt140,wav/vmc2026-track3-sys021-utt140.wav,wav/vmc2026-track3-sys019-utt139.wav,3.747528651818536
sys004,utt090,wav/vmc2026-track3-sys004-utt090.wav,wav/vmc2026-track3-sys019-utt089.wav,3.710798647994441
sys014,utt060,wav/vmc2026-track3-sys014-utt060.wav,wav/vmc2026-track3-sys019-utt059.wav,4.372190703270537
sys017,utt094,wav/vmc2026-track3-sys017-utt094.wav,wav/vmc2026-track3-sys019-utt093.wav,4.319521898946001
sys021,utt002,wav/vmc2026-track3-sys021-utt002.wav,wav/vmc2026-track3-sys019-utt001.wav,3.5501548460809946
sys021,utt170,wav/vmc2026-track3-sys021-utt170.wav,wav/vmc2026-track3-sys019-utt169.wav,3.232406377757938
sys021,utt234,wav/vmc2026-track3-sys021-utt234.wav,wav/vmc2026-track3-sys019-utt233.wav,3.968046731195418
sys004,utt152,wav/vmc2026-track3-sys004-utt152.wav,wav/vmc2026-track3-sys019-utt151.wav,3.4781754782174374
sys025,utt094,wav/vmc2026-track3-sys025-utt094.wav,wav/vmc2026-track3-sys019-utt093.wav,3.578428631139606
sys021,utt156,wav/vmc2026-track3-sys021-utt156.wav,wav/vmc2026-track3-sys019-utt155.wav,4.174252264980675
sys008,utt098,wav/vmc2026-track3-sys008-utt098.wav,wav/vmc2026-track3-sys019-utt097.wav,4.76024488107066
sys021,utt278,wav/vmc2026-track3-sys021-utt278.wav,wav/vmc2026-track3-sys019-utt277.wav,3.943349263283147
sys021,utt316,wav/vmc2026-track3-sys021-utt316.wav,wav/vmc2026-track3-sys019-utt315.wav,3.6272814071865587
sys004,utt310,wav/vmc2026-track3-sys004-utt310.wav,wav/vmc2026-track3-sys019-utt309.wav,3.008022278909449
sys021,utt302,wav/vmc2026-track3-sys021-utt302.wav,wav/vmc2026-track3-sys019-utt301.wav,3.563883313461575
sys004,utt306,wav/vmc2026-track3-sys004-utt306.wav,wav/vmc2026-track3-sys019-utt305.wav,3.3804130482753982
sys021,utt104,wav/vmc2026-track3-sys021-utt104.wav,wav/vmc2026-track3-sys019-utt103.wav,3.5174695356123378
sys004,utt012,wav/vmc2026-track3-sys004-utt012.wav,wav/vmc2026-track3-sys019-utt011.wav,3.476866563472047
sys004,utt142,wav/vmc2026-track3-sys004-utt142.wav,wav/vmc2026-track3-sys019-utt141.wav,3.297069810819915
sys004,utt244,wav/vmc2026-track3-sys004-utt244.wav,wav/vmc2026-track3-sys019-utt243.wav,3.446689073485183
sys004,utt240,wav/vmc2026-track3-sys004-utt240.wav,wav/vmc2026-track3-sys019-utt239.wav,2.7318603983900926
sys021,utt158,wav/vmc2026-track3-sys021-utt158.wav,wav/vmc2026-track3-sys019-utt157.wav,4.3225341893666736
sys021,utt248,wav/vmc2026-track3-sys021-utt248.wav,wav/vmc2026-track3-sys019-utt247.wav,3.8385132700697904
sys021,utt230,wav/vmc2026-track3-sys021-utt230.wav,wav/vmc2026-track3-sys019-utt229.wav,4.132372214481987
sys014,utt052,wav/vmc2026-track3-sys014-utt052.wav,wav/vmc2026-track3-sys019-utt051.wav,4.597112252995734
sys021,utt192,wav/vmc2026-track3-sys021-utt192.wav,wav/vmc2026-track3-sys019-utt191.wav,4.092126740486606
sys021,utt132,wav/vmc2026-track3-sys021-utt132.wav,wav/vmc2026-track3-sys019-utt131.wav,4.048342691404547
sys024,utt240,wav/vmc2026-track3-sys024-utt240.wav,wav/vmc2026-track3-sys019-utt239.wav,3.930605463117883
sys013,utt054,wav/vmc2026-track3-sys013-utt054.wav,wav/vmc2026-track3-sys019-utt053.wav,4.712298121407106
sys004,utt266,wav/vmc2026-track3-sys004-utt266.wav,wav/vmc2026-track3-sys019-utt265.wav,2.9367739486935984
sys004,utt112,wav/vmc2026-track3-sys004-utt112.wav,wav/vmc2026-track3-sys019-utt111.wav,3.352674745185998
sys021,utt232,wav/vmc2026-track3-sys021-utt232.wav,wav/vmc2026-track3-sys019-utt231.wav,4.273825271178475
sys021,utt018,wav/vmc2026-track3-sys021-utt018.wav,wav/vmc2026-track3-sys019-utt017.wav,4.340092627707836
sys006,utt060,wav/vmc2026-track3-sys006-utt060.wav,wav/vmc2026-track3-sys019-utt059.wav,4.79520522310587
sys004,utt082,wav/vmc2026-track3-sys004-utt082.wav,wav/vmc2026-track3-sys019-utt081.wav,3.4483259783774605
sys018,utt100,wav/vmc2026-track3-sys018-utt100.wav,wav/vmc2026-track3-sys019-utt099.wav,3.441724011005447
sys004,utt098,wav/vmc2026-track3-sys004-utt098.wav,wav/vmc2026-track3-sys019-utt097.wav,3.6929893069156834
sys009,utt060,wav/vmc2026-track3-sys009-utt060.wav,wav/vmc2026-track3-sys019-utt059.wav,4.836039211576132
sys021,utt068,wav/vmc2026-track3-sys021-utt068.wav,wav/vmc2026-track3-sys019-utt067.wav,3.7354848499619613
sys004,utt070,wav/vmc2026-track3-sys004-utt070.wav,wav/vmc2026-track3-sys019-utt069.wav,3.2334543975052927
sys018,utt092,wav/vmc2026-track3-sys018-utt092.wav,wav/vmc2026-track3-sys019-utt091.wav,3.426413252450619
sys025,utt054,wav/vmc2026-track3-sys025-utt054.wav,wav/vmc2026-track3-sys019-utt053.wav,3.4970134021140646
sys005,utt100,wav/vmc2026-track3-sys005-utt100.wav,wav/vmc2026-track3-sys019-utt099.wav,3.4265046176902167
sys024,utt060,wav/vmc2026-track3-sys024-utt060.wav,wav/vmc2026-track3-sys019-utt059.wav,4.403686299416498
sys011,utt092,wav/vmc2026-track3-sys011-utt092.wav,wav/vmc2026-track3-sys019-utt091.wav,4.603246976159399
sys022,utt054,wav/vmc2026-track3-sys022-utt054.wav,wav/vmc2026-track3-sys019-utt053.wav,4.067585849952411
sys022,utt056,wav/vmc2026-track3-sys022-utt056.wav,wav/vmc2026-track3-sys019-utt055.wav,4.048089558575017
sys017,utt188,wav/vmc2026-track3-sys017-utt188.wav,wav/vmc2026-track3-sys019-utt187.wav,4.439734486903546
sys021,utt082,wav/vmc2026-track3-sys021-utt082.wav,wav/vmc2026-track3-sys019-utt081.wav,3.801989930284988
sys007,utt060,wav/vmc2026-track3-sys007-utt060.wav,wav/vmc2026-track3-sys019-utt059.wav,3.741485148753367
sys006,utt052,wav/vmc2026-track3-sys006-utt052.wav,wav/vmc2026-track3-sys019-utt051.wav,4.480717617821104
sys005,utt096,wav/vmc2026-track3-sys005-utt096.wav,wav/vmc2026-track3-sys019-utt095.wav,3.4244529172374234
sys007,utt098,wav/vmc2026-track3-sys007-utt098.wav,wav/vmc2026-track3-sys019-utt097.wav,4.051116676114208
sys004,utt134,wav/vmc2026-track3-sys004-utt134.wav,wav/vmc2026-track3-sys019-utt133.wav,3.2877681515309183
sys020,utt100,wav/vmc2026-track3-sys020-utt100.wav,wav/vmc2026-track3-sys019-utt099.wav,2.9092077008664172
sys022,utt188,wav/vmc2026-track3-sys022-utt188.wav,wav/vmc2026-track3-sys019-utt187.wav,3.904872898962507
sys001,utt054,wav/vmc2026-track3-sys001-utt054.wav,wav/vmc2026-track3-sys019-utt053.wav,4.384943285621687
sys004,utt022,wav/vmc2026-track3-sys004-utt022.wav,wav/vmc2026-track3-sys019-utt021.wav,3.730293775987933
sys021,utt264,wav/vmc2026-track3-sys021-utt264.wav,wav/vmc2026-track3-sys019-utt263.wav,3.9570329312246875
sys012,utt188,wav/vmc2026-track3-sys012-utt188.wav,wav/vmc2026-track3-sys019-utt187.wav,4.058119733058901
sys004,utt256,wav/vmc2026-track3-sys004-utt256.wav,wav/vmc2026-track3-sys019-utt255.wav,3.6854903972868662
sys021,utt126,wav/vmc2026-track3-sys021-utt126.wav,wav/vmc2026-track3-sys019-utt125.wav,3.9073472313967046
sys004,utt154,wav/vmc2026-track3-sys004-utt154.wav,wav/vmc2026-track3-sys019-utt153.wav,3.7902278781785186
sys020,utt052,wav/vmc2026-track3-sys020-utt052.wav,wav/vmc2026-track3-sys019-utt051.wav,3.164361064553914
sys004,utt126,wav/vmc2026-track3-sys004-utt126.wav,wav/vmc2026-track3-sys019-utt125.wav,3.6479518116084635
sys021,utt092,wav/vmc2026-track3-sys021-utt092.wav,wav/vmc2026-track3-sys019-utt091.wav,4.167745136514209
sys006,utt056,wav/vmc2026-track3-sys006-utt056.wav,wav/vmc2026-track3-sys019-utt055.wav,4.598696578631179
sys004,utt160,wav/vmc2026-track3-sys004-utt160.wav,wav/vmc2026-track3-sys019-utt159.wav,3.8185279671710375
sys022,utt052,wav/vmc2026-track3-sys022-utt052.wav,wav/vmc2026-track3-sys019-utt051.wav,4.329026412318781
sys004,utt120,wav/vmc2026-track3-sys004-utt120.wav,wav/vmc2026-track3-sys019-utt119.wav,3.173161507495816
sys004,utt072,wav/vmc2026-track3-sys004-utt072.wav,wav/vmc2026-track3-sys019-utt071.wav,2.9248416050805965
sys002,utt188,wav/vmc2026-track3-sys002-utt188.wav,wav/vmc2026-track3-sys019-utt187.wav,4.006333011403021
sys004,utt264,wav/vmc2026-track3-sys004-utt264.wav,wav/vmc2026-track3-sys019-utt263.wav,3.1015707592882613
sys004,utt078,wav/vmc2026-track3-sys004-utt078.wav,wav/vmc2026-track3-sys019-utt077.wav,2.9726360985689992
sys004,utt200,wav/vmc2026-track3-sys004-utt200.wav,wav/vmc2026-track3-sys019-utt199.wav,3.4650482358103787
sys025,utt098,wav/vmc2026-track3-sys025-utt098.wav,wav/vmc2026-track3-sys019-utt097.wav,3.6940891964802884
sys021,utt210,wav/vmc2026-track3-sys021-utt210.wav,wav/vmc2026-track3-sys019-utt209.wav,3.537224798493133
sys024,utt096,wav/vmc2026-track3-sys024-utt096.wav,wav/vmc2026-track3-sys019-utt095.wav,4.164428049637846
sys025,utt100,wav/vmc2026-track3-sys025-utt100.wav,wav/vmc2026-track3-sys019-utt099.wav,3.7181025554869125
sys021,utt218,wav/vmc2026-track3-sys021-utt218.wav,wav/vmc2026-track3-sys019-utt217.wav,4.550795496465305
sys008,utt094,wav/vmc2026-track3-sys008-utt094.wav,wav/vmc2026-track3-sys019-utt093.wav,4.727698513471684
sys004,utt258,wav/vmc2026-track3-sys004-utt258.wav,wav/vmc2026-track3-sys019-utt257.wav,3.318496668449541
sys004,utt252,wav/vmc2026-track3-sys004-utt252.wav,wav/vmc2026-track3-sys019-utt251.wav,3.5386197129990156
sys001,utt100,wav/vmc2026-track3-sys001-utt100.wav,wav/vmc2026-track3-sys019-utt099.wav,4.376761079356557
sys021,utt122,wav/vmc2026-track3-sys021-utt122.wav,wav/vmc2026-track3-sys019-utt121.wav,3.827992294944426
sys018,utt060,wav/vmc2026-track3-sys018-utt060.wav,wav/vmc2026-track3-sys019-utt059.wav,3.653782353206215
sys022,utt240,wav/vmc2026-track3-sys022-utt240.wav,wav/vmc2026-track3-sys019-utt239.wav,3.8498907418923873
sys004,utt100,wav/vmc2026-track3-sys004-utt100.wav,wav/vmc2026-track3-sys019-utt099.wav,3.6092467093493923
sys017,utt060,wav/vmc2026-track3-sys017-utt060.wav,wav/vmc2026-track3-sys019-utt059.wav,4.774829577786712
sys021,utt314,wav/vmc2026-track3-sys021-utt314.wav,wav/vmc2026-track3-sys019-utt313.wav,3.7809108556938735
sys021,utt172,wav/vmc2026-track3-sys021-utt172.wav,wav/vmc2026-track3-sys019-utt171.wav,3.0691488388838257
sys001,utt098,wav/vmc2026-track3-sys001-utt098.wav,wav/vmc2026-track3-sys019-utt097.wav,4.472240778262217
sys021,utt304,wav/vmc2026-track3-sys021-utt304.wav,wav/vmc2026-track3-sys019-utt303.wav,3.202011224169619
sys004,utt102,wav/vmc2026-track3-sys004-utt102.wav,wav/vmc2026-track3-sys019-utt101.wav,3.105056447027538
sys014,utt098,wav/vmc2026-track3-sys014-utt098.wav,wav/vmc2026-track3-sys019-utt097.wav,4.868550973104602
sys004,utt122,wav/vmc2026-track3-sys004-utt122.wav,wav/vmc2026-track3-sys019-utt121.wav,3.6278686440972168
sys021,utt268,wav/vmc2026-track3-sys021-utt268.wav,wav/vmc2026-track3-sys019-utt267.wav,3.7831075965749674
sys014,utt056,wav/vmc2026-track3-sys014-utt056.wav,wav/vmc2026-track3-sys019-utt055.wav,4.706152368191868
sys021,utt300,wav/vmc2026-track3-sys021-utt300.wav,wav/vmc2026-track3-sys019-utt299.wav,4.124290101068273
sys021,utt194,wav/vmc2026-track3-sys021-utt194.wav,wav/vmc2026-track3-sys019-utt193.wav,4.324764460120719
sys002,utt092,wav/vmc2026-track3-sys002-utt092.wav,wav/vmc2026-track3-sys019-utt091.wav,4.088927774926758
sys021,utt078,wav/vmc2026-track3-sys021-utt078.wav,wav/vmc2026-track3-sys019-utt077.wav,4.235247542600132
sys001,utt240,wav/vmc2026-track3-sys001-utt240.wav,wav/vmc2026-track3-sys019-utt239.wav,3.7547813160381485
sys004,utt042,wav/vmc2026-track3-sys004-utt042.wav,wav/vmc2026-track3-sys019-utt041.wav,2.770714316948439
sys004,utt016,wav/vmc2026-track3-sys004-utt016.wav,wav/vmc2026-track3-sys019-utt015.wav,3.339615873523705
sys009,utt092,wav/vmc2026-track3-sys009-utt092.wav,wav/vmc2026-track3-sys019-utt091.wav,4.263932224896425
sys011,utt060,wav/vmc2026-track3-sys011-utt060.wav,wav/vmc2026-track3-sys019-utt059.wav,4.6485724485575375
sys004,utt270,wav/vmc2026-track3-sys004-utt270.wav,wav/vmc2026-track3-sys019-utt269.wav,2.961944120457856
sys006,utt092,wav/vmc2026-track3-sys006-utt092.wav,wav/vmc2026-track3-sys019-utt091.wav,4.526369028318557
sys026,utt188,wav/vmc2026-track3-sys026-utt188.wav,wav/vmc2026-track3-sys019-utt187.wav,3.604661152440697
sys012,utt058,wav/vmc2026-track3-sys012-utt058.wav,wav/vmc2026-track3-sys019-utt057.wav,3.947152029242133
sys008,utt056,wav/vmc2026-track3-sys008-utt056.wav,wav/vmc2026-track3-sys019-utt055.wav,4.617470866800049
sys021,utt258,wav/vmc2026-track3-sys021-utt258.wav,wav/vmc2026-track3-sys019-utt257.wav,3.907885001626191
sys020,utt098,wav/vmc2026-track3-sys020-utt098.wav,wav/vmc2026-track3-sys019-utt097.wav,3.1074179209942017
sys013,utt094,wav/vmc2026-track3-sys013-utt094.wav,wav/vmc2026-track3-sys019-utt093.wav,4.404270487278781
sys007,utt092,wav/vmc2026-track3-sys007-utt092.wav,wav/vmc2026-track3-sys019-utt091.wav,3.8703068689174676
sys008,utt092,wav/vmc2026-track3-sys008-utt092.wav,wav/vmc2026-track3-sys019-utt091.wav,4.867794701119888
sys004,utt184,wav/vmc2026-track3-sys004-utt184.wav,wav/vmc2026-track3-sys019-utt183.wav,3.054211807876018
sys007,utt054,wav/vmc2026-track3-sys007-utt054.wav,wav/vmc2026-track3-sys019-utt053.wav,4.071443570736598
sys021,utt030,wav/vmc2026-track3-sys021-utt030.wav,wav/vmc2026-track3-sys019-utt029.wav,4.0344617343037275
sys021,utt206,wav/vmc2026-track3-sys021-utt206.wav,wav/vmc2026-track3-sys019-utt205.wav,3.7581899794964104
sys004,utt058,wav/vmc2026-track3-sys004-utt058.wav,wav/vmc2026-track3-sys019-utt057.wav,3.365760015681097
sys003,utt188,wav/vmc2026-track3-sys003-utt188.wav,wav/vmc2026-track3-sys019-utt187.wav,4.649812783234346
sys024,utt056,wav/vmc2026-track3-sys024-utt056.wav,wav/vmc2026-track3-sys019-utt055.wav,4.5618250623069105
sys005,utt054,wav/vmc2026-track3-sys005-utt054.wav,wav/vmc2026-track3-sys019-utt053.wav,3.8415151751214913
sys021,utt150,wav/vmc2026-track3-sys021-utt150.wav,wav/vmc2026-track3-sys019-utt149.wav,3.518317514601061
sys021,utt128,wav/vmc2026-track3-sys021-utt128.wav,wav/vmc2026-track3-sys019-utt127.wav,3.5766308650480725
sys021,utt214,wav/vmc2026-track3-sys021-utt214.wav,wav/vmc2026-track3-sys019-utt213.wav,4.059528989089811
sys021,utt254,wav/vmc2026-track3-sys021-utt254.wav,wav/vmc2026-track3-sys019-utt253.wav,4.220217913443258
sys004,utt218,wav/vmc2026-track3-sys004-utt218.wav,wav/vmc2026-track3-sys019-utt217.wav,2.9248833524636058
sys005,utt092,wav/vmc2026-track3-sys005-utt092.wav,wav/vmc2026-track3-sys019-utt091.wav,3.032228250417346
sys013,utt098,wav/vmc2026-track3-sys013-utt098.wav,wav/vmc2026-track3-sys019-utt097.wav,4.790943525399877
sys026,utt096,wav/vmc2026-track3-sys026-utt096.wav,wav/vmc2026-track3-sys019-utt095.wav,4.2630389236040305
sys004,utt018,wav/vmc2026-track3-sys004-utt018.wav,wav/vmc2026-track3-sys019-utt017.wav,3.5956308754805617
sys004,utt220,wav/vmc2026-track3-sys004-utt220.wav,wav/vmc2026-track3-sys019-utt219.wav,3.3226384554653805
sys021,utt076,wav/vmc2026-track3-sys021-utt076.wav,wav/vmc2026-track3-sys019-utt075.wav,4.036370515425362
sys008,utt052,wav/vmc2026-track3-sys008-utt052.wav,wav/vmc2026-track3-sys019-utt051.wav,4.944738629812474
sys023,utt094,wav/vmc2026-track3-sys023-utt094.wav,wav/vmc2026-track3-sys019-utt093.wav,4.66411445248297
sys012,utt096,wav/vmc2026-track3-sys012-utt096.wav,wav/vmc2026-track3-sys019-utt095.wav,3.878249486360951
sys021,utt120,wav/vmc2026-track3-sys021-utt120.wav,wav/vmc2026-track3-sys019-utt119.wav,3.8473943423426205
sys016,utt098,wav/vmc2026-track3-sys016-utt098.wav,wav/vmc2026-track3-sys019-utt097.wav,3.6966278483651998
sys014,utt240,wav/vmc2026-track3-sys014-utt240.wav,wav/vmc2026-track3-sys019-utt239.wav,4.1780743092096015
sys021,utt074,wav/vmc2026-track3-sys021-utt074.wav,wav/vmc2026-track3-sys019-utt073.wav,3.5550175497818173
sys004,utt284,wav/vmc2026-track3-sys004-utt284.wav,wav/vmc2026-track3-sys019-utt283.wav,3.4108971682835794
sys021,utt108,wav/vmc2026-track3-sys021-utt108.wav,wav/vmc2026-track3-sys019-utt107.wav,3.405999859152641
sys004,utt128,wav/vmc2026-track3-sys004-utt128.wav,wav/vmc2026-track3-sys019-utt127.wav,3.324533992290979
sys011,utt056,wav/vmc2026-track3-sys011-utt056.wav,wav/vmc2026-track3-sys019-utt055.wav,4.687255749842971
sys001,utt058,wav/vmc2026-track3-sys001-utt058.wav,wav/vmc2026-track3-sys019-utt057.wav,4.0511643258853836
sys018,utt056,wav/vmc2026-track3-sys018-utt056.wav,wav/vmc2026-track3-sys019-utt055.wav,3.840922045417079
